
= Registers
    inData
    outData
    RB_enIn
    RB_enOut
    RB_inSelect
    RB_outSelect
    VIEW_R0-R3
    VIEW_R4-R7

= PC
    inValue
    outValue
    PC_load
    PC_inc
    PC_enOut
    VIEW_value

= ALU
    A
    B
    out
    flags
    ALU_enA
    ALU_enB
    ALU_enOut
    ALU_opW
    ALU_OP
    VIEW_A
    VIEW_B
    VIEW_out

= DataMem
    inData
    outData
    DM_addr
    DM_enOut
    DM_load

= InstMem
    addr
    outData
    DM_enIn
    DM_enOut

= Decode
    instruction
    opcode
    indexX
    indexY
    valueM
    
= ControlUnit
    inOpcode
    flags
    RB_enIn
    RB_enOut
    RB_inSelect
    RB_outSelect
    DM_enOut
    DM_load
    DM_enAddr
    DM_selectAddr
    ALU_enA
    ALU_enB
    ALU_enOut
    ALU_opW
    ALU_OP
    PC_load
    PC_inc
    PC_enOut
    IM_enIn
    DE_enOutImm
    VIEW_microOpAddr



00 HALT 00000 -----------

01 ADD  00001 XXXYYY-----
02 ADC  00010 XXXYYY-----
03 SUB  00011 XXXYYY-----
04 AND  00100 XXXYYY-----
05 OR   00101 XXXYYY-----
06 XOR  00110 XXXYYY-----
07 CMP  00111 XXXYYY-----
08 MOV  01000 XXXYYY-----

16 STR  10000 XXXMMMMMMMM
17 LOAD 10001 XXXMMMMMMMM

20 JMP  10100 ---MMMMMMMM
21 JC   10101 ---MMMMMMMM
22 JZ   10110 ---MMMMMMMM
23 JN   10111 ---MMMMMMMM

24 INC  11000 XXX--------
25 DEC  11001 XXX--------
26 SHR  11010 XXXYYY-----
27 SHL  11011 XXXYYY-----

31 SET  11111 XXXIIIIIIII

--------------------------------

1111 1000 0010 0010      F822
1111 1001 0011 0011      F933
1111 1010 0010 0010      FA22
1111 1011 0100 0100      FB44
0000 1001 0100 0000      0940
1010 1000 0000 0010      A803
1011 0000 0000 0010      B002
1011 1000 0000 0010      B802
1010 0000 0000 0010      A002

0000000000 HALT
0000100000 ADD 
0001000000 ADC 
0001100000 SUB 
0010000000 AND 
0010100000 OR  
0011000000 XOR 
0011100000 CMP 
0100000000 MOV 
0100100000
0101000000
0101100000
0110000000
0110100000
0111000000
0111100000
1000000000 STR  
1000100000 LOAD
1001000000
1001100000
1010000000 JMP
1010100000 JC
1011000000 JZ 
1011100000 JN 
1100000000 INC 
1100100000 DEC 
1101000000 SHR 
1101100000 SHL 
1110000000
1110100000
1111000000
1111100000 SET

== ALU ==
0000 COPY
0001 ADD 
0010 ADC 
0011 SUB 
0100 AND 
0101 OR  
0110 XOR 
0111 CMP 
1000 SHR
1001 SHL
1100 cte 0x00
1101 cte 0x01
1110 cte 0x02
1111 cte 0xFF

|31|30|29|28| |27|26|25|24| |23|22|21|20| |19|18|17|16| |15|14|13|12| |11|10|09|08| |07|06|05|04| |03|02|01|00|
  0  0  0  0    0  0  0  1    0  1  0  0    0  0  0  0    0  0  0  0    0  0  0  0    0  0  0  0    0  0  0  0  = 01400000 = PC_enOut IM_enIn 
  0  0  0  0    0  0  0  0    0  0  1  0    0  0  0  0    0  0  0  0    0  0  0  0    0  0  0  0    0  0  0  0  = 00200000 = PC_inc
  0  1  0  0    0  0  0  0    0  0  0  0    0  0  0  0    0  0  0  0    0  0  0  0    0  0  0  0    0  0  0  0  = 40000000 = load_microOp
  1  0  0  0    0  0  0  0    0  0  0  0    0  0  0  0    0  0  0  0    0  0  0  0    0  0  0  0    0  0  0  0  = 80000000 = reset_microOp
  
0000100000 ADD 
|31|30|29|28| |27|26|25|24| |23|22|21|20| |19|18|17|16| |15|14|13|12| |11|10|09|08| |07|06|05|04| |03|02|01|00|
  0  0  0  0    0  0  0  0    0  0  0  0    0  0  0  0    0  0  0  0    0  0  0  1    0  0  0  0    0  0  1  0  = 00000102 = RB_enOut  ALU_enA  RB_selectIndexOut=0
  0  0  0  0    0  0  0  0    0  0  0  0    0  0  0  0    0  0  0  0    0  0  1  0    0  0  0  0    1  0  1  0  = 0000020A = RB_enOut  ALU_enB  RB_selectIndexOut=1
  0  0  0  0    0  0  0  0    0  0  0  0    0  0  0  0    0  0  0  1    1  0  0  0    0  0  0  0    0  0  0  0  = 00001800 = ALU_OP=ADD
  0  0  0  0    0  0  0  0    0  0  0  0    0  0  0  0    0  0  0  0    0  1  0  0    0  0  0  0    0  1  0  1  = 00000405 = RB_enIn   ALU_enOut RB_selectIndexIn=1
  1  0  0  0    0  0  0  0    0  0  0  0    0  0  0  0    0  0  0  0    0  0  0  0    0  0  0  0    0  0  0  0  = 80000000 = reset_microOp  
  
0001000000 ADC
|31|30|29|28| |27|26|25|24| |23|22|21|20| |19|18|17|16| |15|14|13|12| |11|10|09|08| |07|06|05|04| |03|02|01|00|
  0  0  0  0    0  0  0  0    0  0  0  0    0  0  0  0    0  0  0  0    0  0  0  1    0  0  0  0    0  0  1  0  = 00000102 = RB_enOut  ALU_enA  RB_selectIndexOut=0
  0  0  0  0    0  0  0  0    0  0  0  0    0  0  0  0    0  0  0  0    0  0  1  0    0  0  0  0    1  0  1  0  = 0000020A = RB_enOut  ALU_enB  RB_selectIndexOut=1
  0  0  0  0    0  0  0  0    0  0  0  0    0  0  0  0    0  0  1  0    1  0  0  0    0  0  0  0    0  0  0  0  = 00002800 = ALU_OP=ADC
  0  0  0  0    0  0  0  0    0  0  0  0    0  0  0  0    0  0  0  0    0  1  0  0    0  0  0  0    0  1  0  1  = 00000405 = RB_enIn   ALU_enOut RB_selectIndexIn=1
  1  0  0  0    0  0  0  0    0  0  0  0    0  0  0  0    0  0  0  0    0  0  0  0    0  0  0  0    0  0  0  0  = 80000000 = reset_microOp
  
0001100000 SUB
|31|30|29|28| |27|26|25|24| |23|22|21|20| |19|18|17|16| |15|14|13|12| |11|10|09|08| |07|06|05|04| |03|02|01|00|
  0  0  0  0    0  0  0  0    0  0  0  0    0  0  0  0    0  0  0  0    0  0  0  1    0  0  0  0    0  0  1  0  = 00000102 = RB_enOut  ALU_enA  RB_selectIndexOut=0
  0  0  0  0    0  0  0  0    0  0  0  0    0  0  0  0    0  0  0  0    0  0  1  0    0  0  0  0    1  0  1  0  = 0000020A = RB_enOut  ALU_enB  RB_selectIndexOut=1
  0  0  0  0    0  0  0  0    0  0  0  0    0  0  0  0    0  0  1  1    1  0  0  0    0  0  0  0    0  0  0  0  = 00003800 = ALU_OP=SUB ALU_opW
  0  0  0  0    0  0  0  0    0  0  0  0    0  0  0  0    0  0  0  0    0  1  0  0    0  0  0  0    0  1  0  1  = 00000405 = RB_enIn   ALU_enOut RB_selectIndexIn=1
  1  0  0  0    0  0  0  0    0  0  0  0    0  0  0  0    0  0  0  0    0  0  0  0    0  0  0  0    0  0  0  0  = 80000000 = reset_microOp
  
0010000000 AND 
|31|30|29|28| |27|26|25|24| |23|22|21|20| |19|18|17|16| |15|14|13|12| |11|10|09|08| |07|06|05|04| |03|02|01|00|
  0  0  0  0    0  0  0  0    0  0  0  0    0  0  0  0    0  0  0  0    0  0  0  1    0  0  0  0    0  0  1  0  = 00000102 = RB_enOut  ALU_enA  RB_selectIndexOut=0
  0  0  0  0    0  0  0  0    0  0  0  0    0  0  0  0    0  0  0  0    0  0  1  0    0  0  0  0    1  0  1  0  = 0000020A = RB_enOut  ALU_enB  RB_selectIndexOut=1
  0  0  0  0    0  0  0  0    0  0  0  0    0  0  0  0    0  1  0  0    1  0  0  0    0  0  0  0    0  0  0  0  = 00004800 = ALU_OP=AND ALU_opW
  0  0  0  0    0  0  0  0    0  0  0  0    0  0  0  0    0  0  0  0    0  1  0  0    0  0  0  0    0  1  0  1  = 00000405 = RB_enIn   ALU_enOut RB_selectIndexIn=1
  1  0  0  0    0  0  0  0    0  0  0  0    0  0  0  0    0  0  0  0    0  0  0  0    0  0  0  0    0  0  0  0  = 80000000 = reset_microOp
  
0010100000 OR
|31|30|29|28| |27|26|25|24| |23|22|21|20| |19|18|17|16| |15|14|13|12| |11|10|09|08| |07|06|05|04| |03|02|01|00|
  0  0  0  0    0  0  0  0    0  0  0  0    0  0  0  0    0  0  0  0    0  0  0  1    0  0  0  0    0  0  1  0  = 00000102 = RB_enOut  ALU_enA  RB_selectIndexOut=0
  0  0  0  0    0  0  0  0    0  0  0  0    0  0  0  0    0  0  0  0    0  0  1  0    0  0  0  0    1  0  1  0  = 0000020A = RB_enOut  ALU_enB  RB_selectIndexOut=1
  0  0  0  0    0  0  0  0    0  0  0  0    0  0  0  0    0  1  0  1    1  0  0  0    0  0  0  0    0  0  0  0  = 00005800 = ALU_OP=OR ALU_opW
  0  0  0  0    0  0  0  0    0  0  0  0    0  0  0  0    0  0  0  0    0  1  0  0    0  0  0  0    0  1  0  1  = 00000405 = RB_enIn   ALU_enOut RB_selectIndexIn=1
  1  0  0  0    0  0  0  0    0  0  0  0    0  0  0  0    0  0  0  0    0  0  0  0    0  0  0  0    0  0  0  0  = 80000000 = reset_microOp
  
0011000000 XOR 
|31|30|29|28| |27|26|25|24| |23|22|21|20| |19|18|17|16| |15|14|13|12| |11|10|09|08| |07|06|05|04| |03|02|01|00|
  0  0  0  0    0  0  0  0    0  0  0  0    0  0  0  0    0  0  0  0    0  0  0  1    0  0  0  0    0  0  1  0  = 00000102 = RB_enOut  ALU_enA  RB_selectIndexOut=0
  0  0  0  0    0  0  0  0    0  0  0  0    0  0  0  0    0  0  0  0    0  0  1  0    0  0  0  0    1  0  1  0  = 0000020A = RB_enOut  ALU_enB  RB_selectIndexOut=1
  0  0  0  0    0  0  0  0    0  0  0  0    0  0  0  0    0  1  1  0    1  0  0  0    0  0  0  0    0  0  0  0  = 00006800 = ALU_OP=XOR ALU_opW
  0  0  0  0    0  0  0  0    0  0  0  0    0  0  0  0    0  0  0  0    0  1  0  0    0  0  0  0    0  1  0  1  = 00000405 = RB_enIn   ALU_enOut RB_selectIndexIn=1
  1  0  0  0    0  0  0  0    0  0  0  0    0  0  0  0    0  0  0  0    0  0  0  0    0  0  0  0    0  0  0  0  = 80000000 = reset_microOp
  
0011100000 CMP 
|31|30|29|28| |27|26|25|24| |23|22|21|20| |19|18|17|16| |15|14|13|12| |11|10|09|08| |07|06|05|04| |03|02|01|00|
  0  0  0  0    0  0  0  0    0  0  0  0    0  0  0  0    0  0  0  0    0  0  0  1    0  0  0  0    0  0  1  0  = 00000102 = RB_enOut  ALU_enA  RB_selectIndexOut=0
  0  0  0  0    0  0  0  0    0  0  0  0    0  0  0  0    0  0  0  0    0  0  1  0    0  0  0  0    1  0  1  0  = 0000020A = RB_enOut  ALU_enB  RB_selectIndexOut=1
  0  0  0  0    0  0  0  0    0  0  0  0    0  0  0  0    0  1  1  1    1  0  0  0    0  0  0  0    0  0  0  0  = 00007800 = ALU_OP=CMP ALU_opW
  1  0  0  0    0  0  0  0    0  0  0  0    0  0  0  0    0  0  0  0    0  0  0  0    0  0  0  0    0  0  0  0  = 80000000 = reset_microOp
  
0100000000 MOV 
|31|30|29|28| |27|26|25|24| |23|22|21|20| |19|18|17|16| |15|14|13|12| |11|10|09|08| |07|06|05|04| |03|02|01|00|
  0  0  0  0    0  0  0  0    0  0  0  0    0  0  0  0    0  0  0  0    0  0  0  1    0  0  0  0    0  0  1  0  = 00000102 = RB_enOut  ALU_enA  RB_selectIndexOut=0
  0  0  0  0    0  0  0  0    0  0  0  0    0  0  0  0    0  0  0  0    0  0  0  0    0  0  0  0    0  0  0  0  = 00000000 = ALU_OP=COPY
  0  0  0  0    0  0  0  0    0  0  0  0    0  0  0  0    0  0  0  0    0  1  0  0    0  0  0  0    0  1  0  1  = 00000405 = RB_enIn   ALU_enOut RB_selectIndexIn=1
  1  0  0  0    0  0  0  0    0  0  0  0    0  0  0  0    0  0  0  0    0  0  0  0    0  0  0  0    0  0  0  0  = 80000000 = reset_microOp
  
1000000000 STR 
|31|30|29|28| |27|26|25|24| |23|22|21|20| |19|18|17|16| |15|14|13|12| |11|10|09|08| |07|06|05|04| |03|02|01|00|
  0  0  0  0    0  0  0  0    0  0  0  0    0  0  0  0    0  0  0  0    0  0  0  0    1  1  0  0    0  0  0  0  = 000000C0 = DM_enAddr DM_selectAddr
  0  0  0  0    0  0  0  0    0  0  0  0    0  0  0  0    0  0  0  0    0  0  0  0    0  0  1  0    0  0  1  0  = 00000022 = RB_enOut  DM_load
  1  0  0  0    0  0  0  0    0  0  0  0    0  0  0  0    0  0  0  0    0  0  0  0    0  0  0  0    0  0  0  0  = 80000000 = reset_microOp
  
1000100000 LOAD
|31|30|29|28| |27|26|25|24| |23|22|21|20| |19|18|17|16| |15|14|13|12| |11|10|09|08| |07|06|05|04| |03|02|01|00|
  0  0  0  0    0  0  0  0    0  0  0  0    0  0  0  0    0  0  0  0    0  0  0  0    1  1  0  0    0  0  0  0  = 000000C0 = DM_enAddr DM_selectAddr
  0  0  0  0    0  0  0  0    0  0  0  0    0  0  0  0    0  0  0  0    0  0  0  0    0  0  0  1    0  0  0  1  = 00000011 = RB_enIn DM_enOut
  1  0  0  0    0  0  0  0    0  0  0  0    0  0  0  0    0  0  0  0    0  0  0  0    0  0  0  0    0  0  0  0  = 80000000 = reset_microOp

1010000000 JMP
|31|30|29|28| |27|26|25|24| |23|22|21|20| |19|18|17|16| |15|14|13|12| |11|10|09|08| |07|06|05|04| |03|02|01|00|
  0  0  0  0    0  0  1  0    0  0  0  1    0  0  0  0    0  0  0  0    0  0  0  0    0  0  0  0    0  0  0  0  = 02100000 = PC_load DE_enOutImm
  1  0  0  0    0  0  0  0    0  0  0  0    0  0  0  0    0  0  0  0    0  0  0  0    0  0  0  0    0  0  0  0  = 80000000 = reset_microOp

1010100000 JC
|31|30|29|28| |27|26|25|24| |23|22|21|20| |19|18|17|16| |15|14|13|12| |11|10|09|08| |07|06|05|04| |03|02|01|00|
  0  1  0  0    0  0  0  0    0  0  0  0    0  0  0  1    0  0  0  0    0  0  0  0    0  0  0  0    0  0  0  0  = 40010000 = JC_microOp load_microOp
  1  0  0  0    0  0  0  0    0  0  0  0    0  0  0  0    0  0  0  0    0  0  0  0    0  0  0  0    0  0  0  0  = 80000000 = reset_microOp
  0  0  0  0    0  0  1  0    0  0  0  1    0  0  0  0    0  0  0  0    0  0  0  0    0  0  0  0    0  0  0  0  = 02100000 = DE_enOutImm PC_load
  1  0  0  0    0  0  0  0    0  0  0  0    0  0  0  0    0  0  0  0    0  0  0  0    0  0  0  0    0  0  0  0  = 80000000 = reset_microOp
  
1011000000 JZ 
|31|30|29|28| |27|26|25|24| |23|22|21|20| |19|18|17|16| |15|14|13|12| |11|10|09|08| |07|06|05|04| |03|02|01|00|
  0  1  0  0    0  0  0  0    0  0  0  0    0  0  1  0    0  0  0  0    0  0  0  0    0  0  0  0    0  0  0  0  = 40020000 = JZ_microOp load_microOp
  1  0  0  0    0  0  0  0    0  0  0  0    0  0  0  0    0  0  0  0    0  0  0  0    0  0  0  0    0  0  0  0  = 80000000 = reset_microOp
  0  0  0  0    0  0  1  0    0  0  0  1    0  0  0  0    0  0  0  0    0  0  0  0    0  0  0  0    0  0  0  0  = 02100000 = DE_enOutImm PC_load
  1  0  0  0    0  0  0  0    0  0  0  0    0  0  0  0    0  0  0  0    0  0  0  0    0  0  0  0    0  0  0  0  = 80000000 = reset_microOp

1011100000 JN
|31|30|29|28| |27|26|25|24| |23|22|21|20| |19|18|17|16| |15|14|13|12| |11|10|09|08| |07|06|05|04| |03|02|01|00|
  0  1  0  0    0  0  0  0    0  0  0  0    0  1  0  0    0  0  0  0    0  0  0  0    0  0  0  0    0  0  0  0  = 40040000 = JN_microOp load_microOp
  1  0  0  0    0  0  0  0    0  0  0  0    0  0  0  0    0  0  0  0    0  0  0  0    0  0  0  0    0  0  0  0  = 80000000 = reset_microOp
  0  0  0  0    0  0  1  0    0  0  0  1    0  0  0  0    0  0  0  0    0  0  0  0    0  0  0  0    0  0  0  0  = 02100000 = DE_enOutImm PC_load
  1  0  0  0    0  0  0  0    0  0  0  0    0  0  0  0    0  0  0  0    0  0  0  0    0  0  0  0    0  0  0  0  = 80000000 = reset_microOp

1100000000 INC
|31|30|29|28| |27|26|25|24| |23|22|21|20| |19|18|17|16| |15|14|13|12| |11|10|09|08| |07|06|05|04| |03|02|01|00|
  0  0  0  0    0  0  0  0    0  0  0  0    0  0  0  0    0  0  0  0    0  0  0  1    0  0  0  0    0  0  1  0  = 00000102 = RB_enOut  ALU_enA  RB_selectIndexOut=0
  0  0  0  0    0  0  0  0    0  0  0  0    0  0  0  0    1  1  0  1    1  0  0  0    0  0  0  0    0  0  0  0  = 0000D800 = ALU_OP=cte01 ALU_opW
  0  0  0  0    0  0  0  0    0  0  0  0    0  0  0  0    0  0  0  0    0  1  1  0    0  0  0  0    0  0  0  0  = 00000608 = ALU_enOut ALU_enB  RB_selectIndexOut=1
  0  0  0  0    0  0  0  0    0  0  0  0    0  0  0  0    0  0  0  1    1  0  0  0    0  0  0  0    0  0  0  0  = 00001800 = ALU_OP=ADD ALU_opW
  0  0  0  0    0  0  0  0    0  0  0  0    0  0  0  0    0  0  0  0    0  1  0  0    0  0  0  0    0  0  0  1  = 00000401 = RB_enIn   ALU_enOut RB_selectIndexIn=0
  1  0  0  0    0  0  0  0    0  0  0  0    0  0  0  0    0  0  0  0    0  0  0  0    0  0  0  0    0  0  0  0  = 80000000 = reset_microOp

1100100000 DEC
|31|30|29|28| |27|26|25|24| |23|22|21|20| |19|18|17|16| |15|14|13|12| |11|10|09|08| |07|06|05|04| |03|02|01|00|
  0  0  0  0    0  0  0  0    0  0  0  0    0  0  0  0    0  0  0  0    0  0  0  1    0  0  0  0    0  0  1  0  = 00000102 = RB_enOut  ALU_enA  RB_selectIndexOut=0
  0  0  0  0    0  0  0  0    0  0  0  0    0  0  0  0    1  1  0  1    1  0  0  0    0  0  0  0    0  0  0  0  = 0000D800 = ALU_OP=cte01 ALU_opW
  0  0  0  0    0  0  0  0    0  0  0  0    0  0  0  0    0  0  0  0    0  1  1  0    0  0  0  0    1  0  0  0  = 00000608 = ALU_enOut ALU_enB  RB_selectIndexOut=1
  0  0  0  0    0  0  0  0    0  0  0  0    0  0  0  0    0  0  1  1    1  0  0  0    0  0  0  0    0  0  0  0  = 00003800 = ALU_OP=SUB ALU_opW
  0  0  0  0    0  0  0  0    0  0  0  0    0  0  0  0    0  0  0  0    0  1  0  0    0  0  0  0    0  0  0  1  = 00000401 = RB_enIn   ALU_enOut RB_selectIndexIn=0
  1  0  0  0    0  0  0  0    0  0  0  0    0  0  0  0    0  0  0  0    0  0  0  0    0  0  0  0    0  0  0  0  = 80000000 = reset_microOp

1101000000 SHR
|31|30|29|28| |27|26|25|24| |23|22|21|20| |19|18|17|16| |15|14|13|12| |11|10|09|08| |07|06|05|04| |03|02|01|00|
  0  0  0  0    0  0  0  0    0  0  0  0    0  0  0  0    0  0  0  0    0  0  0  1    0  0  0  0    0  0  1  0  = 00000102 = RB_enOut en_A_OUT
  0  0  0  0    0  0  0  0    0  0  0  0    0  0  0  0    1  0  0  0    1  0  0  0    0  0  0  0    0  0  0  0  = 00008800 = ALU_OP=SHR ALU_opW
  0  0  0  0    0  0  0  0    0  0  0  0    0  0  0  0    0  0  0  0    0  1  0  0    0  0  0  0    0  0  0  1  = 00000401 = RB_enIn   ALU_enOut RB_selectIndexIn=0
  1  0  0  0    0  0  0  0    0  0  0  0    0  0  0  0    0  0  0  0    0  0  0  0    0  0  0  0    0  0  0  0  = 80000000 = reset_microOp
  
1101100000 SHL
|31|30|29|28| |27|26|25|24| |23|22|21|20| |19|18|17|16| |15|14|13|12| |11|10|09|08| |07|06|05|04| |03|02|01|00|
  0  0  0  0    0  0  0  0    0  0  0  0    0  0  0  0    0  0  0  0    0  0  0  1    0  0  0  0    0  0  1  0  = 00000102 = RB_enOut en_A_OUT
  0  0  0  0    0  0  0  0    0  0  0  0    0  0  0  0    1  0  0  1    1  0  0  0    0  0  0  0    0  0  0  0  = 00009800 = ALU_OP=SHL ALU_opW
  0  0  0  0    0  0  0  0    0  0  0  0    0  0  0  0    0  0  0  0    0  1  0  0    0  0  0  0    0  0  0  1  = 00000401 = RB_enIn   ALU_enOut RB_selectIndexIn=0
  1  0  0  0    0  0  0  0    0  0  0  0    0  0  0  0    0  0  0  0    0  0  0  0    0  0  0  0    0  0  0  0  = 80000000 = reset_microOp

1111100000 SET
|31|30|29|28| |27|26|25|24| |23|22|21|20| |19|18|17|16| |15|14|13|12| |11|10|09|08| |07|06|05|04| |03|02|01|00|
  0  0  0  0    0  0  1  0    0  0  0  0    0  0  0  0    0  0  0  0    0  0  0  0    0  0  0  0    0  0  0  1  = 02000001 = DE_enOutImm RB_enIn
  1  0  0  0    0  0  0  0    0  0  0  0    0  0  0  0    0  0  0  0    0  0  0  0    0  0  0  0    0  0  0  0  = 80000000 = reset_microOp

-------------------------------------------------------------------------------

|00| RB_enIn
|01| RB_enOut
|02| RB_selectIndexIn
|03| RB_selectIndexOut

|04| DM_enOut
|05| DM_load
|06| DM_enAddr
|07| DM_selectAddr

|08| ALU_enA
|09| ALU_enB
|10| ALU_enOut
|11| ALU_opW

|12| ALU_OP
|13| ALU_OP 
|14| ALU_OP
|15| ALU_OP

|16| JC_microOp
|17| JZ_microOp
|18| JN_microOp
|19| ---

|20| PC_load
|21| PC_inc
|22| PC_enOut
|23| ---

|24| IM_enIn
|25| DE_enOutImm
|26| ---
|27| ---

|28| ---
|29| ---
|30| load_microOp
|31| reset_microOp

